1.5450765 2.165572 -1.5407649 
-1.5492884 -1.7808487 2.0734327 
1.397477 2.3703206 -1.523534 
1.9866915 -1.7223964 -1.673732 
-1.8961346 1.927945 -2.1276429 
-1.9363683 1.5280834 1.9710605 
1.6459879 -2.057803 -1.9462817 
1.3599229 -2.1705346 1.7193367 
-1.4942423 -1.6450155 1.9791098 
1.942426 -1.5754324 -1.5695513 
1.4355173 2.3649595 -1.8897635 
-1.7383243 1.4086413 1.7067105 
1.1229681 1.477031 -1.6739621 
-1.3800578 1.8329145 -1.6165723 
-1.8694514 1.9769051 -2.1325173 
-1.2972387 2.0350194 -1.617851 
