0.32576168 0.46244258 -0.13452551 
0.07877618 -0.09268218 0.4103437 
0.22648352 0.43020523 -0.12996551 
0.481978 -0.16035572 -0.301016 
-0.4188999 0.3434562 -0.43077666 
-0.41724336 0.4750263 0.40118778 
0.1362037 -0.47682038 -0.5508345 
-0.1374433 -0.5315437 0.06319046 
0.11916971 0.063533425 0.309627 
0.44344252 0.03673345 -0.2257134 
0.24338627 0.37540781 -0.464888 
-0.20882139 0.33545655 0.038750112 
-0.1802738 -0.056010187 -0.3079059 
0.09748697 0.24211597 0.13687468 
-0.3641278 0.4091553 -0.4919649 
0.070379674 0.47067946 0.22909212 
