0.30760956 0.45791233 -0.12179081 
0.05900395 -0.11195861 0.42997414 
0.24580376 0.41040397 -0.14825895 
0.5010107 -0.15307154 -0.3206827 
-0.43866873 0.3621477 -0.41367078 
-0.4035417 0.4573673 0.39214468 
0.13312648 -0.47370112 -0.5478833 
-0.11751806 -0.55073535 0.049463544 
0.09917342 0.080183476 0.30685347 
0.4627562 0.016941052 -0.24456955 
0.23713632 0.36102128 -0.45572004 
-0.2269572 0.33208206 0.058626246 
-0.16077319 -0.06427089 -0.32589 
0.07772115 0.26185286 0.117499836 
-0.34891036 0.40635428 -0.51183033 
0.07369408 0.4898693 0.20912059 
